  10001	   48.83592070	    2.33493980	    122.585	   50.25633703	    4.87356145	    720.773
  10002	   43.75473853	    6.92057443	   1319.301	   45.17419413	    9.51516538	   3611.121
  10003	   43.56077400	    1.48076130	    207.102	   44.99961669	    3.96413082	   8295.692
  10004	   48.38049436	   -4.49659353	     65.828	   49.87762940	    2.17237588	   -509.041
  10012	   43.70326487	    7.22726248	    256.488	   45.11395834	    9.83267245	   1556.846
  10017	   50.99365484	    2.34475314	     56.769	   52.43071602	    4.96322414	  -1378.066
  10020	   46.13346363	   -0.40769862	    113.202	   47.58296009	    2.03832893	   1874.210
  10023	   46.15894301	   -1.21931559	     57.854	   47.61819554	    1.20214650	    788.186
  10055	   49.58066226	   -1.77795940	    188.629	   51.03028389	    0.67514107	  -1384.260
  10063	   46.53003005	   -1.80578728	     56.717	   47.95331850	    0.59042451	   2598.359
  10064	   47.64800852	   -3.50797997	     93.314	   49.07332491	    1.20849963	   1336.496
  10073	   43.27877051	    5.35378850	     61.804	   44.70110465	    7.87878240	  -1768.260
  10074	   43.47196429	   -1.53691043	    121.393	   44.92368126	    0.89717269	  -3876.164
  10077	   41.92745813	    8.76261590	     98.770	   43.34708828	   11.36398180	   4618.156
  10079	   42.51532403	    3.13670349	    108.153	   43.91057520	    5.70394329	  -4603.528
  10087	   44.64595494	   -1.24883133	    106.286	   46.09844978	    1.14625103	  -5097.790
  10088	   43.39523552	   -1.68167754	     59.460	   44.88983023	    0.63081405	 -22112.902
  10089	   43.55458229	    7.01572644	     89.855	   44.98377896	    9.64227279	  -2491.136
  10090	   45.87908518	    4.67657667	    432.405	   47.29889291	    7.25517877	   1443.695
  10101	   55.73902020	   12.50002552	     94.027	   57.04778829	   15.47542377	  17409.319
  10106	   57.59110097	    9.96754736	     50.141	   58.90943646	   12.85457153	  27002.071
  10108	   62.02329680	   -6.76451604	    114.606	   63.52831005	    4.39386896	   4464.567
  10115	   55.46027245	    8.43977263	     50.096	   56.94303093	   11.12243938	  -8652.594
  10116	   54.57443041	   11.92292767	     43.968	   55.89520783	   14.86280623	   5477.034
  10117	   61.99737084	   -6.78352333	    110.245	   63.51113487	    4.41467970	   5486.370
  10118	   55.49356636	    8.45682676	     59.485	   56.84321623	   11.30592939	   7282.715
  10202	   64.13878494	  -21.95548630	     93.045	   65.87617151	   23.79586615	   3619.986
  10204	   64.26729275	  -15.19791940	     82.687	   65.65155304	   12.56078789	  88201.945
  10302	   69.66274936	   18.93833171	    132.477	   70.97401183	   23.04381852	  29682.762
  10307	   59.73658762	   10.36775874	    221.567	   61.06741047	   13.27037351	  54975.855
  10317	   78.92958538	   11.86508910	     78.489	   80.11321658	   17.42203945	  36448.447
  10320	   58.00637741	    7.55475586	     45.844	   59.34650667	   10.37856607	  15898.402
  10322	   70.33637361	   31.03119696	    174.897	   71.36106425	   35.94484404	  31743.337
  10330	   59.01771276	    5.59862548	    104.925	   60.40431340	    8.35016448	  16858.241
  10331	   63.37138449	   10.31915866	    317.760	   64.76770792	   13.26249181	  45851.691
  10333	   69.27837412	   16.00869771	    413.782	   70.61614145	   19.77773071	  19791.312
  10402	   57.39529956	   11.92551878	     45.601	   58.68421801	   14.87751384	  32056.496
  10403	   67.85735226	   20.96844924	    391.013	   69.11482961	   24.94621591	  73041.977
  10405	   60.59514448	   17.25852810	     75.478	   61.80470683	   20.59363308	  81060.495
  10422	   67.87757654	   21.06024219	    498.073	   69.11766566	   25.03971869	  71104.915
  10423	   57.65387060	   18.36731867	     79.832	   58.85423387	   21.64335547	  34394.912
  10424	   64.69784830	   16.55993282	    450.065	   65.99631418	   19.94894325	  91086.338
  10425	   57.71495934	   12.89135064	    219.972	   59.00118647	   15.90174164	  39280.051
  10426	   64.87919812	   21.04829218	     81.332	   66.09597238	   24.76795476	 108903.721
  10503	   60.21747274	   24.39532209	     94.633	   61.30792463	   28.10351130	  46475.105
  10505	   60.20385023	   24.96115733	     69.990	   61.26416402	   28.75331183	  52544.498
  10511	   62.96119388	   21.77063823	     58.183	   64.10785966	   25.49400784	  93074.643
  10512	   62.39117401	   30.09616062	    113.760	   63.40265911	   34.19523447	  41531.800
  10531	   60.20018665	   25.04655217	     43.368	   61.25694785	   28.77601088	  31386.759
  10802	   55.71535590	   21.11888628	     42.751	   56.91812336	   24.41331649	  14707.699
  11001	   47.06713068	   15.49348164	    538.293	   48.43176095	   18.45136506	   6198.189
  11006	   47.31290561	   11.38609357	   2384.164	   48.67531366	   14.19717500	  32654.610
  11101	   42.55609515	   23.39473408	   1119.529	   43.60711053	   26.35467340	   3739.554
  11206	   47.78960376	   19.28153025	    291.722	   49.07193435	   22.34922166	  -1083.045
  11401	   44.46394544	   26.12574201	    143.215	   45.53804459	   29.07282230	  25507.451
  11502	   49.91370535	   14.78562371	    592.585	   51.23387644	   17.68897675	   9599.700
  11515	   49.03471411	   20.32293712	    746.029	   50.24001168	   23.21110876	   1561.024
  11516	   49.13378594	   13.72417976	    799.405	   50.45640022	   16.61218216	   -121.571
  11904	   43.50664155	   16.43845350	     48.201	   45.11667794	   19.36141855	   2818.972
  12204	   52.09727558	   21.03154039	    141.434	   53.34003364	   24.19832519	   5225.557
  12205	   52.27695743	   17.07345782	    124.359	   53.56016121	   20.10815747	    -18.926
  12207	   52.47594835	   21.03534534	    149.621	   53.73478249	   24.26101485	   7343.339
  12209	   53.89240082	   20.66994350	    187.025	   55.14496881	   23.85472178	   1036.952
  12217	   51.11326162	   17.06204166	    180.806	   52.40614430	   20.04529128	   2122.817
  12222	   54.79676005	   18.41875416	     34.740	   56.01152073	   21.60500811	  11661.636
  12227	   54.47238011	   17.11752896	    108.265	   55.71724825	   20.25280734	   1747.087
  12266	   39.07993967	   17.12503488	     61.600	   40.69256821	   20.56810112	 -18660.029
  12301	   48.63197842	   22.29762017	    232.013	   49.84105707	   25.35439801	   6531.684
  12302	   56.94862029	   24.05877540	     34.728	   58.10289320	   27.49418229	  17653.351
  12309	   56.02748053	   37.22359122	    254.814	   57.02139046	   40.95701492	  11350.604
  12312	   40.22645592	   44.50292851	   1194.739	   41.72162003	   47.95854018	  13998.881
  12313	   52.21902394	  104.31624225	    502.340	   51.56078769	  107.94864361	   6818.962
  12314	   50.00510289	   36.23900938	    201.031	   51.03964338	   39.69654585	  16956.587
  12319	   54.84061105	   83.23544639	    123.090	   54.67128740	   87.37061178	  10701.739
  12327	   41.32804935	   69.29556786	    439.695	   41.67758583	   72.55860780	  10376.144
  12329	   47.02973453	  142.71672089	     91.291	   45.93210815	  144.29975546	  12420.485
  12330	   55.69928380	   36.75863017	    204.986	   56.71304318	   40.46605709	   3344.289
  12334	   39.13476714	   66.88544697	    622.482	   39.59437517	   70.16523643	 -12933.171
  12335	   46.97278516	   31.97284210	     93.905	   48.01709780	   35.13419882	   7597.023
  12336	   49.60261446	   34.54293202	    178.364	   50.66480937	   37.72427769	   5323.799
  12337	   44.41326027	   33.99098372	    365.795	   45.46909791	   37.09835764	   3155.505
  12338	   51.76970498	  102.23498536	    811.409	   51.08822874	  106.05283603	  16790.978
  12348	   42.67977022	   74.69426674	   1714.208	   43.06030592	   78.09885620	  18928.845
  12349	   55.99324971	   92.79383361	    210.033	   55.53314507	   96.78406723	   6325.667
  12350	   60.53286262	   29.78087688	     76.684	   61.54860621	   33.71459832	  30632.401
  12351	   43.78839339	   41.56506779	   1166.274	   44.77613927	   44.77966205	  17280.323
  12352	   43.17873226	   77.01689997	   1342.003	   43.48386833	   80.54733813	  12859.920
  12353	   62.03095947	  129.68030507	    103.411	   60.85661783	  133.12022742	   5079.014
  12354	   59.57575241	  150.77002312	    361.822	   57.40767076	  153.11601869	   1393.108
  12355	   53.06673151	  158.60707682	    210.304	   52.39727655	  157.89943043	 -22177.885
  12356	   50.36418339	   30.49673382	    226.314	   51.47992597	   33.72206772	   1458.054
  12360	   71.63447306	  128.86642297	     47.064	   70.53849850	  133.43525042	   8354.807
  12361	   48.52145382	  135.04615693	    130.474	   47.28149000	  137.92377913	  11251.529
  12362	   56.42982184	   58.56045882	    247.570	   56.91727035	   62.71177057	   9549.130
  12363	   68.07612882	  166.43796377	    456.135	   66.19984600	  168.39010244	   5444.593
  12364	   69.36183324	   88.35978345	     47.918	   69.08317948	   93.94594891	  19958.398
  12365	   55.11487961	   36.56952670	    182.661	   56.09169821	   40.24341144	  13312.165
  12366	   49.83558921	   24.01448961	    370.506	   51.05308786	   27.13904148	    662.004
  12367	   55.03050098	   82.90948965	    149.933	   54.96992415	   87.02255244	  -4433.780
  12602	   38.07855340	   23.93243407	    510.568	   37.11006856	   24.86687765	  -4048.795
  12615	   35.95148096	   27.78078221	     74.349	   34.53837910	   29.51693297	 -14046.535
  12617	   35.53319003	   24.07055943	    160.893	   34.47545046	   24.94131732	    738.833
  12619	   40.56681881	   23.00371933	    150.081	   41.13319321	   25.97503106	  -9633.776
  12622	   38.28365600	   21.78674997	    121.046	   37.67650516	   22.72721148	   3012.984
  12706	   35.49977512	   12.60565765	     57.787	   37.17258229	   14.84523349	   4936.270
  12711	   44.51995709	   11.64681751	     50.050	   45.28992363	   15.52920533	  13996.906
  12712	   44.41938834	    8.92114441	    155.525	   45.81993508	   11.59920920	  -1470.001
  12717	   36.87611112	   14.98981115	    126.210	   38.64586787	   17.43885236	  -4200.195
  12718	   45.70975776	   13.76352143	    323.409	   47.27783123	   16.51145203	   5194.232
  12724	   45.06336826	    7.66128261	    310.729	   46.44458446	   10.34164106	   3566.164
  12725	   39.13591262	    8.97275375	    238.356	   40.55833130	   11.52317474	   1928.854
  12734	   40.64913252	   16.70446076	    535.649	   42.34099730	   19.55254487	  10746.907
  12741	   45.43698307	   12.33198580	     67.090	   46.94397422	   15.14788211	  -9042.419
  12750	   45.40671918	   11.87793450	     84.008	   46.88666771	   14.63570134	  -3243.698
  12752	   43.11939223	   12.35570447	    351.101	   44.64538422	   15.08017725	  -1642.339
  12755	   38.10832264	   15.65103294	    138.828	   39.63256550	   18.40803727	  10880.926
  13101	   50.79781880	    4.35922042	    149.672	   52.21551246	    6.94671046	   7629.939
  13102	   50.00150278	    5.14488408	    369.923	   51.39133545	    7.77164186	   7944.221
  13104	   51.22540868	    2.92229036	     70.351	   52.63620280	    5.50871173	  -1523.483
  13140	   18.34333131	  -64.96921330	      4.419	   19.64447023	   64.11929661	  -9736.196
  13174	   51.33586018	    3.20822671	     60.254	   52.69346941	    5.79971962	  -5678.746
  13212	   50.86731449	    0.33627263	     76.486	   52.33349758	    2.80025839	   3444.975
  13216	   55.00741967	   -1.43986519	     56.928	   56.46139043	    1.13689764	   8164.222
  13217	   55.92478643	   -3.29478785	    119.065	   57.38877994	    0.82137666	  13008.198
  13229	   50.41647103	   -4.12618084	    175.573	   51.86594997	    1.74665205	   5387.325
  13231	   57.14400885	   -2.08021936	     53.473	   58.54442100	    0.49298241	   8789.893
  13232	   52.47322572	    1.75019763	     53.840	   53.85602954	    4.39653501	  -2641.796
  13233	   53.44969664	   -3.01822540	     66.043	   54.85406999	    0.63752225	   5876.789
  13234	   51.42098149	   -0.33963558	     72.638	   52.85099166	    2.20051269	  -2578.383
  13235	   51.45374426	   -1.28388899	    163.014	   52.92073492	    1.18510542	   -518.368
  13236	   51.44568150	    0.74341229	     53.296	   52.88555701	    3.31813107	  -9513.523
  13241	   54.98375652	   -7.33664746	     68.919	   56.48641208	    5.05300833	  15880.758
  13273	   50.10303008	   -5.54278714	     64.516	   51.58310836	    3.26206850	  -1792.158
  13279	   37.69720915	 -123.00076867	    -21.796	   40.05015026	  127.60780959	   4854.032
  13289	   50.80232983	   -1.11120250	     56.552	   52.26896503	    1.36501524	    453.501
  13299	   55.21279109	   -1.68549516	    144.513	   56.68561892	    0.82421494	  10180.128
  13301	   36.14817673	   -5.36498802	     45.631	   37.70335534	    3.56121461	  -1591.556
  13402	   36.46434628	   -6.20564474	     84.154	   37.99166414	    4.37233613	   -585.182
  13406	   40.44359404	   -3.95197812	    647.309	   41.92002370	    1.65507217	 -16346.766
  13407	   40.42916272	   -4.24965790	    829.444	   41.88349618	    1.98536938	   3708.575
  13408	   40.45342914	   -4.36785259	    775.802	   41.91071833	    2.14763825	  -5454.720
  13410	   40.82088886	    0.49236328	    107.797	   42.25467724	    2.91663892	    302.778
  13420	   40.52490130	   -3.08862511	    972.756	   41.97886455	    0.80895276	   3881.219
  13431	   41.59961900	    1.40114164	    853.411	   43.04081974	    3.80415145	   7943.344
  13433	   38.33892126	   -0.48122825	     60.333	   39.81956576	    1.85376835	   4382.645
  13434	   43.36438434	   -8.39893159	     66.907	   44.83247597	    5.72157650	 -19264.874
  13435	   42.69357648	    0.97566739	   2508.416	   44.15280680	    3.38677955	   5559.849
  13436	   42.47812814	    1.97305279	   1467.754	   43.91876158	    4.43769174	   3622.348
  13437	   36.85253490	   -2.45944559	    127.484	   38.29301055	    0.32200884	   1929.191
  13438	   43.47198080	   -3.79806221	     99.269	   44.94267714	    1.46643732	    914.258
  13439	   39.48082878	   -0.33764673	     77.568	   40.92647295	    2.03964479	  -5696.246
  13443	   36.72611574	   -4.39352888	    119.820	   38.06970404	    2.37643260	   1366.050
  13444	   39.55262738	    2.62455550	     62.030	   41.01318495	    5.04911916	   3458.776
  13449	   35.89605297	   -5.31133141	     51.848	   37.45270417	    3.50059384	  -7556.094
  13450	   42.18398092	   -8.81306777	     87.769	   43.69560435	    6.62719938	  -6211.209
  13451	   37.19998235	   -6.92029536	     81.838	   38.74295069	    4.85865970	  -7049.270
  13454	   38.91124889	    1.44896647	     59.955	   40.34083716	    3.80780819	 -11759.632
  13504	   52.17842752	    5.80964526	     96.846	   53.61323475	    8.53098239	  -1282.586
  13506	   52.91461179	    6.60450668	     82.272	   54.36740077	    9.32930301	  -1329.860
  13534	   53.36273940	    5.21939046	     56.100	   54.66839141	    8.07216245	    446.129
  13537	   52.46197473	    4.55606243	     54.073	   53.87991318	    7.24993932	  -3458.677
  13538	   51.44287872	    3.59732921	     54.416	   52.80446434	    6.32517493	   3586.201
  13902	   41.10602340	   -8.58908908	    287.646	   42.61795925	    6.42986122	  -3984.725
  13903	   37.09893910	   -8.66837623	     62.715	   38.66025188	    6.67937459	  -3182.065
  13909	   38.69341591	   -9.41851984	     76.018	   40.20609036	    7.31582604	    857.122
  13911	   32.64794865	  -16.90761510	     78.432	   34.28150201	   15.34165979	  -7684.899
  14001	   46.87709825	    7.46527806	    956.332	   48.31940499	   10.11708352	  13095.650
  14014	   46.92374774	    7.46425246	    611.192	   48.33994081	   10.13284614	   7709.225
  14106	   52.37929807	   13.06609265	    144.399	   53.71038537	   15.97472451	    840.865
  14201	   49.14419915	   12.87891113	    666.022	   50.51200749	   15.74121365	   1800.126
  14208	   48.08616987	   11.27986842	    641.351	   49.48106645	   14.09314370	   6877.889
  14216	   49.01124606	    8.41126033	    182.843	   50.38584391	   11.16142626	 -16917.845
  14234	   52.29619009	   10.45974770	    130.244	   53.67294613	   13.31945027	   2857.013
  14264	   54.17448204	    7.89309305	     48.400	   55.58809237	   10.69887359	   5528.520
  14268	   53.56364285	    6.74744794	     54.212	   54.92557215	    9.50955174	   -609.824
  14277	   54.16978901	   12.10142612	     50.739	   55.51687506	   15.02697244	   9581.642
  14278	   51.03530639	    6.43162863	    156.173	   52.44219072	    9.12138972	   5781.390
  14281	   54.51359126	   13.64329389	     68.209	   55.79569907	   16.68678575	   6612.353
  14284	   54.75875278	    8.29338944	     62.722	   56.11685875	   11.20326227	   2508.066
  14285	   54.37292295	   10.15679783	     47.701	   55.72103496	   13.05036265	   8493.224
  14290	   53.32717173	    7.03068323	     53.456	   54.71567091	    9.40663136	  -3179.937
  14293	   54.73050743	    8.68705499	     50.358	   56.09588332	   11.29085889	    -12.572
  14294	   54.12173575	    8.85917133	     51.246	   55.48329792	   11.66106272	  -2611.680
  14295	   53.33676996	    7.18628170	     51.111	   54.71980035	    9.82649350	  -2752.591
  14297	   53.77171005	    8.09263684	     73.328	   55.15101544	   10.85328707	   2428.448
  14302	   35.14098701	   33.39644704	    190.007	   36.49976749	   35.57181346	   5006.579
  14502	   45.54810931	   13.72455665	     52.691	   47.14419583	   16.83695082	   1014.252
  15518	  -15.48253969	  168.15610738	    298.521	  -12.01744873	  166.07466102	 -17187.899
  15601	   41.12731220	   20.79405171	    773.018	   42.15229581	   23.68176410	  11330.748
  19002	   37.51360268	   15.08208374	     88.896	   38.12345136	   18.73742747	  93680.538
  19075	   42.06401354	   11.99995547	    362.759	   43.54944545	   14.51248854	    806.987
  19117	  -45.88366324	  170.59716639	    386.919	  -43.02928507	  166.70091148	  -6216.438
  19128	   58.45877092	   -5.05233397	     64.945	   59.91451411	    2.58970110	  12680.767
  19146	   53.31773156	   -4.64206679	     67.909	   54.78364518	    2.21973028	   8128.071
  19153	   50.52178343	   -2.45748307	    107.457	   51.97075300	    0.04748194	  -3464.456
  19158	   58.20758664	   -6.38894644	     60.093	   59.70840792	    3.86821504	   6897.978
  19159	   60.15405554	   -1.14027018	     51.608	   61.68192936	    1.42741370	   4840.074
  19178	   52.94486611	    1.13033989	     74.132	   54.37439157	    3.71827790	  -4655.862
  19193	   51.56555918	   -3.98176471	     89.976	   53.00638581	    1.50627536	  -4666.162
  19197	   51.55478856	    0.82701900	     48.971	   53.00130940	    3.43559705	  -2442.641
  19201	   49.91455690	   -6.29579408	     85.362	   51.43868516	    3.86064086	 -10350.329
  19350	   36.00851159	   -5.60261647	     49.911	   37.64459972	    3.86968629	   3515.396
  19351	   43.32176554	   -1.93151494	     67.342	   44.79181898	    0.44494869	     -0.354
  19513	   45.43057091	   12.35407917	     60.422	   46.92125668	   15.08948846	  -8301.841
  19517	   44.67690272	   12.24943639	     47.731	   46.16284524	   15.06174058	 -33051.636
  19833	   49.65920205	   -1.82960922	    231.243	   51.12728477	    0.60001223	  -1343.452
  19850	   48.58993346	   -2.07597658	    116.106	   50.03188918	    0.38405766	  -7368.723
  19855	   47.52448755	   -2.76980769	     83.801	   48.98431903	    0.36404788	  -1353.221
  19861	   77.18703708	  -65.69462184	    670.575	   77.62888307	   74.43477639	 113457.062
  19867	   43.27676112	    5.37271072	    186.332	   44.72599573	    7.91173154	  -2535.023
  19868	   51.02294880	    2.37411694	     56.796	   52.44286338	    4.93367412	    459.563
  19878	   48.44626104	   -4.76039483	     98.544	   49.93417624	    2.39055144	  -3421.615
  19879	   47.86575449	   -3.90241370	     80.419	   49.35375448	    1.53303913	  -3385.880
  19896	   43.77443351	    7.49728676	     76.740	   45.19529669	   10.08223771	  -1658.962
  19917	   41.85832860	    9.40250773	     57.240	   43.28117770	   11.99403723	  -8445.033
  19932	   50.68035258	    1.56755639	     89.592	   52.12026353	    4.26384839	 -21160.280
  19936	   48.64108258	   -2.02746599	     57.755	   50.09242824	    0.48001656	 -13313.596
  19938	   48.71843692	   -3.96572589	     56.121	   50.17021611	    1.51144258	 -10428.412
  19940	   43.39764927	    3.69911757	     53.911	   44.82143418	    6.21908434	  -7802.608
  19966	   69.32605824	   16.13481853	     44.260	   70.72493336	   20.00693731	  17661.205
  19967	   49.85938616	    0.99432681	    129.931	   51.26329867	    3.50367427	  -3486.941
  20101	   24.91067787	   46.40056927	    760.035	   27.51820513	   49.60566323	  10387.390
  20102	   29.13886770	   36.09991769	    861.594	   31.25363563	   38.93125583	  10022.686
  20103	   19.21142555	   42.04464770	   2703.109	   21.66729450	   45.36886941	  21002.286
  20131	   16.69918169	   42.10363570	     15.312	   19.10435663	   45.51675512	  18892.195
  20308	   33.34141555	   44.43840321	     72.358	   35.84551934	   47.19568163	    148.530
  20404	   35.69728290	   51.33409426	   1194.570	   37.42943402	   54.36437827	  21888.298
  20405	   37.72411583	 -122.11931123	    213.906	   38.25946944	  125.25179534	   -582.626
  20414	   25.64948903	   57.76390020	    -15.874	   27.58171623	   60.71636839	  -8650.755
  20703	   30.59760640	   34.76314063	    886.834	   32.33769559	   37.25374384	  16221.152
  20704	   32.06799683	   34.78089825	     58.364	   33.83403636	   37.21549961	  20155.917
  20705	   32.77898574	   35.02298474	    225.078	   34.55623229	   37.44920219	  11257.983
  20706	   29.50928029	   34.92060132	     29.532	   31.37633479	   37.55745000	   6432.546
  20707	   32.99524718	   35.68828489	    347.007	   35.00447274	   38.13669121	  16279.316
  20708	   32.47933828	   35.41647887	    506.805	   34.35605652	   37.83704717	  10895.815
  20709	   33.02281682	   35.14505947	    103.404	   34.81893283	   37.53572220	  10062.292
  20710	   31.59320157	   35.39207154	     31.823	   33.39912140	   37.85073985	  37410.559
  20711	   33.18200929	   35.77065034	   1083.171	   35.20351208	   38.22932925	   5064.940
  20712	   31.37782300	   34.86631023	    488.948	   33.08221693	   37.28064837	  18373.979
  20713	   32.48825520	   34.89018671	     36.594	   34.24812549	   37.29678269	  10972.610
  20714	   31.77115439	   35.20245340	    790.349	   33.51799794	   37.67003533	  22965.316
  20716	   30.03841925	   35.03604236	    457.526	   31.87544682	   37.60778183	  19473.768
  20717	   31.03691515	   35.36882451	   -360.795	   32.95057646	   37.96853787	    -92.849
  20718	   30.99157005	   34.92826925	    516.078	   32.71132822	   37.40462517	  24706.063
  20719	   31.70793707	   34.60664618	     55.685	   33.42104548	   37.03047810	  17971.171
  20805	   39.88737163	   32.75847011	    976.011	   40.97049627	   32.93709136	 -14871.875
  20806	   40.78672886	   29.45067702	    220.431	   41.82668343	   31.31907421	  -7819.012
  20807	   41.10444832	   29.01934108	    147.242	   42.17290759	   31.61949656	   6931.566
  20808	   40.99470865	   39.77556303	     99.281	   42.16923616	   42.86180290	   2621.752
  20814	   36.56638926	   34.25585317	     38.475	   38.04886358	   35.84788672	  12733.527
  21502	   27.69272412	   85.52121961	   2105.096	   30.66445577	   89.39834383	 -39348.154
  21601	   39.60860084	  115.89248709	     87.466	   38.60485421	  119.39104488	  30267.917
  21602	   30.53165222	  114.35726383	     25.825	   29.45232355	  117.69462625	   8284.299
  21605	   31.09964199	  121.20044600	     22.059	   29.92961326	  124.52409456	   5321.925
  21609	   25.02953806	  102.79719714	   1986.200	   23.38353601	  105.83739176	   7085.557
  21611	   43.79068612	  125.44420090	    273.264	   42.68708260	  128.57505599	  13526.551
  21612	   43.80794962	   87.60066811	    858.848	   44.35850658	   91.56523937	  24071.800
  21613	   29.65734139	   91.10399266	   3624.666	   30.99015634	   95.89040201	  33022.360
  21614	   34.36867089	  109.22149569	    463.980	   33.32380442	  112.80072378	   -891.338
  21616	   40.24532493	  116.22412883	    109.117	   39.15909461	  119.67902425	  12137.349
  21701	   35.95537281	  140.65767432	     57.884	   35.17157017	  140.17548396	  10803.575
  21702	   39.13516986	  141.13282567	    116.987	   38.49600811	  139.85723129	 -15529.769
  21704	   35.70676515	  139.48853216	    128.882	   35.26542728	  139.36774363	   5327.040
  21715	   34.14414548	  135.19153760	     45.746	   33.43513909	  135.84295047	  44822.734
  21726	   33.57785479	  135.93695407	     97.531	   33.08707818	  135.14216260	 -17242.365
  21729	   36.13311035	  138.36204363	   1508.628	   35.58469944	  138.36204363	  15800.559
  21730	   36.10567942	  140.08749622	     67.274	   35.37530093	  139.60371352	   5734.324
  21731	   43.52864499	  141.84481704	    118.567	   42.33236466	  143.10769810	  -4664.144
  21732	   27.09558309	  142.18457803	    208.706	   28.13900678	  138.43226153	  -6007.946
  21742	   31.82406049	  130.59959368	    314.630	   30.09029177	  133.00231478	  12362.072
  21749	   30.55644396	  131.01556782	    142.335	   28.17340553	  134.23952682	  11326.139
  21752	   39.18556250	  139.54766047	     45.228	   38.51462900	  140.74822149	  18335.265
  21753	   43.20952633	  140.85830928	     38.364	   42.07508205	  142.40319620	   8545.376
  21754	   42.07878683	  139.48919353	     42.246	   41.13792535	  140.79576982	 -40182.740
  21755	   40.89749553	  140.85920678	     44.209	   40.34012989	  141.11754489	  14383.418
  21756	   39.94211528	  139.70345839	     44.710	   39.11273991	  140.81869921	  36438.766
  21757	   38.56333929	  139.54596154	     45.537	   37.81527826	  139.98855830	   4705.759
  21758	   37.83078809	  140.96240523	     48.882	   37.11217773	  139.20074462	 -22558.407
  21759	   35.12938330	  140.24945365	     39.444	   35.36200538	  139.70043772	  13287.866
  21760	   35.16015391	  139.61553264	     42.879	   35.91507861	  138.46954434	 -26565.467
  21761	   37.81475792	  138.28125429	     44.770	   36.68933986	  139.86638435	  15826.283
  21762	   37.35654451	  138.50851548	     45.585	   36.60248999	  139.55007060	 -12732.944
  21763	   37.40572847	  136.90032504	     43.910	   36.27841256	  139.04722414	   5148.197
  21764	   36.25458296	  136.14884562	     42.033	   35.22485365	  138.13341147	 -22420.887
  21765	   34.89548532	  139.13295908	     47.179	   34.17711103	  138.61511941	  34727.385
  21766	   34.80689834	  138.76420127	     47.434	   34.19402956	  137.47958284	 -21504.001
  21767	   34.87066996	  138.32741363	     46.510	   34.34342888	  137.86788102	 -42548.002
  21768	   34.90396573	  136.82384262	     47.002	   34.21178528	  137.02938866	  19540.179
  21769	   35.59368601	  134.31593281	     42.542	   34.56907637	  136.64080619	  -8427.963
  21770	   34.62758795	  131.60464713	     39.349	   33.73075598	  133.91500226	  -1631.509
  21771	   33.33349972	  133.24350215	     43.191	   33.84377966	  132.96439024	  41349.774
  21772	   33.47307974	  129.84929332	     39.070	   32.30039433	  132.44086757	    -26.304
  21773	   32.42862191	  131.66960112	     36.536	   31.56021015	  132.58522711	   5353.647
  21774	   32.01740881	  130.19106534	     39.792	   30.22794599	  132.58904780	   6239.938
  21775	   26.17946980	  127.82467290	     38.477	   22.59382950	  131.11183770	  22233.698
  21776	   45.40782008	  141.68533240	     31.676	   44.81165268	  143.20522415	 -11506.788
  21777	   44.01941179	  144.28579208	     36.500	   43.66985390	  144.10064748	  29172.947
  21778	   42.97556960	  144.37139486	     35.956	   43.23641893	  142.43949993	  45051.467
  21779	   41.78165794	  140.72453353	     39.527	   40.97950695	  141.55395646	  18042.715
  21781	   34.91879142	  139.82491838	     45.596	   36.07702208	  138.66939067	  -4796.577
  21782	   36.76217389	  137.22457502	     44.210	   35.82660851	  139.14092011	  -4790.916
  21783	   33.47594718	  135.77319126	     46.425	   33.21815496	  134.72882574	 -23152.075
  21784	   34.89731186	  132.06621414	     39.561	   33.99020331	  134.39657771	  -7578.310
  21785	   32.73511746	  129.86619898	     38.584	   31.42734910	  132.29220850	 -16214.203
  21786	   31.57696830	  131.40930449	     36.906	   29.88592831	  134.18554393	  -1664.890
  21787	   26.21332553	  127.66520813	     38.666	   22.64676130	  130.92413561	  22948.995
  21789	   24.29009514	  153.97865730	     35.658	   26.26998157	  146.83519282	  38583.806
  21904	   13.73591450	  100.53392124	     74.279	   12.43616649	  102.39218792	   -112.571
  22003	   14.63571987	  121.07773087	     95.447	   15.00814457	  118.81383983	 -63164.617
  22006	   14.53544152	  121.04076627	     86.639	   14.95620968	  118.77363402	  30951.083
  22007	   13.98688059	  120.97773899	     61.096	   14.12661682	  119.40046245	 -10649.379
  22201	   32.02854717	   35.87954101	   1074.472	   33.61718385	   38.37025911	 -29255.431
  22305	   26.91243833	   80.95589170	     53.104	   30.03053875	   84.81629048	  -1368.299
  22306	   13.02116756	   77.57037759	    843.706	   16.18649675	   81.41552055	  33073.423
  22307	   17.41725979	   78.55087103	    441.696	   20.55117473	   82.43445380	  21092.376
  22308	   11.63777958	   92.71213631	    -22.619	   13.26336542	   93.29230904	 215937.577
  22312	   10.60950896	   92.53240722	    -55.262	   13.84479541	   94.47040009	  46629.272
  22601	    1.34580177	  103.67995887	     75.406	    0.86618437	  106.42301740	  16622.271
  22702	    3.26150605	  113.06722235	     48.771	    2.23017418	  115.64968076	  18559.138
  22703	    6.22619218	  102.10546632	     -0.484	    5.85784473	  105.08993394	  31728.788
  22707	    5.31888873	  103.13914720	     54.981	    4.57244626	  104.68641682	 -25110.355
  22715	    6.03923245	  116.11203118	     76.352	    4.88760544	  118.87516610	 -28334.519
  22719	    3.24031744	  113.09433707	     58.998	    2.32015431	  115.33483035	 -29286.003
  22901	    4.18868458	   73.52628833	    -92.064	    7.30959964	   77.51515074	  -1415.304
  23101	   -6.49105476	  106.84891176	    158.115	   -7.03098089	  109.10387762	 -27712.220
  23104	    3.62161135	   98.71472090	      1.950	    3.71803600	  101.65577627	 -108765.237
  23112	   -0.03159681	   98.52622331	     -1.127	    2.03392603	  101.17771296	  46018.563
  23501	    6.89207465	   79.87417590	    -78.500	   10.00043326	   83.99239050	  26452.919
  23503	    7.27275423	   80.70262340	    380.286	   10.46489195	   84.84759777	  36638.504
  23601	   25.02133035	  121.53654563	     43.975	   23.97745106	  125.11899653	  11442.497
  23604	   24.79798563	  120.98739172	     77.238	   23.93775548	  123.97357515	   2986.025
  23902	   36.37442036	  127.36608262	     77.457	   35.21401571	  130.29299895	  14876.412
  23903	   37.27551406	  127.05424230	     82.269	   36.09601459	  130.00337259	  12880.791
  23904	   37.07756704	  127.02403457	     48.801	   35.90708325	  129.96661651	  11828.663
  23909	   37.46251727	  126.95552939	    200.258	   36.32729974	  129.88322071	   5784.035
  24002	   29.32496949	   47.97149582	     20.470	   31.97031633	   50.90972437	 -14031.294
  24201	   47.86506749	  107.05232724	   1575.527	   47.04180788	  110.75612423	  16351.772
  24901	   26.20914270	   50.60814737	    -17.080	   28.90437148	   53.80245300	  12825.984
  25001	   22.18646079	   56.11233654	     95.125	   25.06371659	   59.68791590	  43641.643
  25301	   40.37217155	   49.81441392	     93.976	   41.24701783	   53.45991768	  34282.903
  25601	   42.99850127	   74.75110026	    716.337	   43.20099622	   78.10381062	  15599.620
  25602	   50.71395059	   78.61906519	    126.171	   50.73404814	   82.37918406	  17655.254
  25701	   41.86352960	   78.19039434	   4012.894	   48.37173462	   87.10910524	 134955.080
  25702	   42.62071410	   75.31547163	   2171.533	   42.91045738	   79.04231356	  18554.990
  25703	   44.20813151	   73.99710900	   1012.133	   44.41840202	   77.39827162	   6822.408
  25704	   42.44546524	   72.21044901	   1498.513	   42.75817560	   75.49254877	  11280.428
  30101	   29.86154731	   31.34339903	    148.614	   31.58168477	   33.74682915	  -1841.915
  30302	  -25.89010404	   27.68698126	   1414.142	  -24.19155451	   29.42892208	   1624.257
  30305	  -33.95143445	   18.46855095	     83.503	  -32.21434896	   20.26286666	  -4803.364
  30307	  -34.18793851	   18.43957455	     39.485	  -32.40784107	   20.20411285	   1221.231
  30310	  -25.74634455	   28.22403899	   1416.314	  -24.05803235	   29.95326990	   5566.230
  30313	  -46.87645527	   37.86099379	     61.922	  -46.21285890	   38.64349272	 -40233.534
  30314	  -32.38020970	   20.81046349	   1799.757	  -30.63739162	   22.57202254	   5935.310
  30315	  -28.79554561	   32.07838527	     31.755	  -27.17047358	   33.73273957	   2661.507
  30316	  -30.66520710	   23.99263947	   1321.711	  -28.96167886	   25.63120608	  12102.044
  30318	  -28.29311727	   31.42092453	    607.944	  -26.63776540	   33.03099926	 -11767.822
  30320	  -29.66932462	   17.87921139	   1043.079	  -27.90068595	   19.63383726	  10374.978
  30321	  -25.80501577	   25.53997200	   1310.892	  -23.78459262	   27.30281033	  12757.335
  30322	  -34.42463048	   19.22306213	     63.046	  -32.70771561	   20.98287120	   1006.701
  30602	   -7.95121307	  -14.41207266	    105.111	   -6.94644874	   14.90109180	  -4693.088
  30606	  -15.94253411	   -5.66734585	    453.182	  -14.26138717	    3.56499388	   5189.106
  30608	  -40.34883203	   -9.88071519	     81.238	  -38.62771355	    7.44363562	  -4614.468
  30802	   -7.26968395	   72.37024087	    -64.919	   -4.30950665	   76.52067535	  37080.914
  30902	   -6.76558536	   39.20792541	     70.469	   -5.29544502	   41.20911435	  35035.316
  31101	  -22.57491934	   17.08943285	   1734.658	  -20.78841456	   18.94906033	  13732.230
  31102	  -22.95035304	   14.50354473	     34.780	  -21.20344665	   16.41207254	  -3981.578
  31302	   57.89497445	   -5.15936878	     65.422	   59.40608358	    2.58675454	  -2973.695
  31303	   27.76374207	  -15.63327487	    197.135	   29.33358559	   13.92273981	  -4228.216
  31308	   28.14671010	  -15.40760729	     49.384	   29.69832988	   13.63835109	  -7296.606
  31314	   28.47718461	  -16.24115411	     51.749	   30.05613596	   14.55979965	  -4449.012
  31502	    9.03513573	   38.76630398	   2439.149	   10.74752562	   41.07290092	  -5723.038
  31503	    9.01985871	   38.76282364	   2398.265	   10.62175102	   40.91829215	   5261.809
  31509	   12.06611826	   40.07139689	    834.592	   12.33480567	   38.54488502	 -38946.557
  31906	   37.74775012	  -25.66276285	    110.610	   39.20264529	   24.23493594	 -16632.390
  31907	   39.45383544	  -31.12638855	     80.213	   41.26159933	   32.35806431	 -12904.685
  31909	   38.71899391	  -27.15299145	    406.863	   40.20463088	   25.65239948	 -37169.601
  32601	    6.87056050	   -5.24009275	    270.253	    8.53931740	    3.25978121	    698.686
  32701	    6.38466466	    2.45002203	     30.724	    8.09063388	    4.45626289	  -2316.114
  32708	    9.69206205	    1.66163897	    459.837	   11.39667152	    3.64273435	  -5056.441
  32809	    0.35390733	    9.67212588	     31.507	    2.08817876	   11.68361218	   7869.487
  32903	    9.55425646	   -0.86172265	    194.494	   11.20787278	    1.06515426	  18340.557
  33101	   12.35639111	   -1.51249673	    331.050	   14.04184639	    0.45286209	  -7377.540
  33201	   -2.99591037	   40.19439657	    -23.358	   -1.49042603	   42.55182416	  -6455.287
  33203	   -1.22082958	   36.89348156	   1591.993	    0.32628948	   39.30577564	 -34490.820
  33302	  -19.01830575	   47.22921202	   1552.962	  -17.71041527	   48.96221639	   6837.886
  33503	   16.25211696	   -0.00600920	    285.036	   17.96690146	    1.95540553	   8546.913
  33901	   -0.60146854	   30.73787687	   1337.532	    0.98975691	   32.92012557	   4410.238
  34001	   -1.94455110	   30.08968271	   1483.843	   -0.34632101	   32.35185741	 -19106.121
  34106	   14.68454552	  -17.46510348	     46.183	   16.18541472	   15.56744260	   3474.700
  34108	   14.72123517	  -17.43946591	     51.782	   16.11495415	   15.53415978	  38235.663
  34601	  -15.42554001	   28.31101308	   1324.920	  -13.74423295	   30.16197953	  -4833.547
  35001	   33.99810442	   -6.85428847	     90.090	   35.61113241	    5.04015382	 -13243.644
  35002	   33.53962653	   -5.10846369	   1710.099	   35.10978213	    3.25796842	  12376.201
  35003	   35.56164472	   -5.36301206	     63.725	   37.09694945	    3.59924763	   9315.553
  39003	  -20.29707539	   57.49703707	    421.155	  -19.26809854	   59.16230577	  -1170.837
  39402	    0.33766866	    6.73256904	     32.701	    2.12854805	    8.82774724	   -612.470
  39801	   -4.67371870	   55.47940535	    537.168	   -3.66456008	   57.73408444	 -10578.528
  40101	   47.59524048	  -52.67775056	    152.830	   48.74708910	   54.70448673	   -782.575
  40104	   45.95580049	  -78.07136926	    200.933	   46.16000539	   80.18309846	  36342.953
  40105	   49.32261848	 -119.62498316	    541.889	   48.38397669	  121.40438080	  10734.424
  40114	   45.45416266	  -75.62382910	     82.510	   45.76641575	   77.70886048	  33258.278
  40120	   44.68354989	  -63.61128062	      3.099	   45.45147267	   65.55829496	 -11589.609
  40124	   50.87135131	 -114.29349790	   1247.951	   49.91920040	  116.29818302	   2718.245
  40127	   62.48089331	 -114.48070323	    180.938	   61.44921633	  117.65413790	  68415.713
  40128	   58.75907755	  -94.08872945	    -19.290	   58.37675182	   97.21410556	 112756.993
  40129	   48.38978082	 -123.48747112	     31.752	   47.66597581	  124.53855370	   5021.687
  40130	   50.64035293	 -128.13499851	    559.623	   49.66979398	  129.81858123	  25614.433
  40133	   54.83208997	  -66.83261753	    498.304	   55.49997863	   69.50626163	 117251.499
  40134	   52.23686733	 -122.16781302	   1095.679	   51.18862007	  124.22065990	  22746.281
  40135	   54.72558379	 -101.97803546	    311.530	   54.06003166	  104.68460083	  30172.199
  40136	   60.75051119	 -135.22211314	   1427.394	   59.54430845	  137.24960160	  18840.357
  40137	   50.25880878	  -95.86618183	    245.291	   49.84712248	   98.29673407	   8783.448
  40138	   49.29481009	 -124.08647968	      6.586	   48.56248581	  125.22192512	  15071.097
  40139	   48.29785478	 -124.62490711	    459.892	   47.88548355	  125.01080710	  30690.659
  40140	   48.92563736	 -125.54164096	     10.085	   48.44073947	  125.95937178	  19313.197
  40141	   50.12653889	 -122.92119058	    909.306	   49.21500969	  124.42047522	  45644.224
  40142	   49.15660773	 -122.00842760	    174.047	   48.26060290	  123.48366078	  27882.698
  40145	   50.54428086	 -126.84264286	     37.330	   49.69089773	  128.45836498	  23795.258
  40146	   45.95020958	  -66.64170576	     22.832	   46.60684727	   68.69162234	   -606.005
  40147	   45.58502088	  -75.80732897	    234.963	   45.87052422	   77.88307138	  34368.394
  40148	   70.73630360	 -117.76123763	      0.438	   69.58387524	  122.15883167	  33478.894
  40149	   74.69082019	  -94.89369506	     19.987	   74.13741225	  101.52456995	  65441.536
  40150	   68.30618473	 -133.52696195	     46.379	   66.78081506	  136.39392036	  -6526.052
  40151	   49.18682666	  -68.26332893	     27.500	   49.71092826	   70.48281806	  38334.101
  40152	   64.31781983	  -96.00234672	      4.492	   63.88240537	   99.72123259	 118809.293
  40153	   79.98853590	  -85.93993062	     25.687	   79.58939674	   97.42984728	  74257.855
  40154	   55.27836140	  -77.74543656	     -0.367	   55.55241214	   80.61392469	 142712.539
  40155	   51.47980872	  -90.16197543	    315.143	   51.26432557	   92.74495333	  62916.045
  40156	   48.09705737	  -77.56416752	    312.823	   48.29633795	   79.87055782	  71677.619
  40162	   82.49429414	  -62.34047090	     78.156	   82.77811601	   77.75269656	  65975.351
  40163	   71.99032490	 -125.24986086	     69.265	   70.66718817	  129.62886675	  11691.872
  40164	   56.53697610	  -61.68871807	     32.797	   57.44470991	   64.36757556	  47928.164
  40165	   69.43823435	 -132.99435098	     -1.537	   67.79900290	  135.70222187	 -10444.141
  40166	   67.55933956	  -64.03366776	     13.280	   68.24693028	   68.52679096	  44276.986
  40167	   52.19625467	 -106.39835551	    578.873	   51.43463285	  108.77280268	  -2762.188
  40168	   47.07340445	  -64.79871136	    -16.001	   47.79253238	   66.91014885	  -6531.789
  40169	   46.22069125	  -64.55201106	    -15.293	   46.95780783	   66.64220729	  -2481.574
  40190	   48.83532891	 -125.13510510	     10.792	   48.28714352	  125.71261111	  21446.026
  40191	   49.15414277	 -125.90783937	     -3.871	   48.63288467	  126.28704742	  11320.879
  40194	   63.75596408	  -68.51049766	     91.693	   64.23144391	   72.31353119	  55044.164
  40400	   34.20482041	 -118.17322801	    423.976	   35.24844422	  122.19793999	    114.069
  40403	   33.74329052	 -118.40424876	     69.354	   35.42342905	  122.76257761	   9336.076
  40404	   34.45818637	 -117.84516236	   1238.076	   35.11338451	  121.22971501	  13181.930
  40405	   35.42515573	 -116.88925077	    986.724	   34.99648220	  118.71933166	  -1661.905
  40407	   33.61215610	 -116.45816119	   1256.178	   34.17847465	  119.44368443	  20557.504
  40408	   64.97799878	 -147.49924071	    318.993	   63.09407332	  149.12233406	   2263.783
  40419	   57.61769191	 -152.19343038	     27.052	   57.37520140	  154.92045802	  78201.019
  40420	   34.46940134	 -120.68206770	     14.837	   36.27040160	  125.44827478	 -56325.093
  40421	   64.56449580	 -165.37345865	    349.451	   62.38466427	  165.68257542	   2991.547
  40422	   37.93687877	  -75.46988256	     -9.930	   38.33125416	   77.15535604	 -15154.243
  40423	   55.34927587	 -160.47675778	     89.574	   53.93353406	  162.39363208	   6236.849
  40424	   22.12626435	 -159.66493087	   1167.366	   25.11946868	  165.80590774	  39787.267
  40426	   28.46022787	  -80.54523208	    -24.415	   28.72649650	   81.76816900	 -24839.565
  40433	   39.97455394	 -120.94442914	   1105.792	   39.51695477	  123.40481716	  14797.894
  40437	   37.64463503	 -118.89666436	   2390.609	   36.67825247	  121.15502089	 132528.922
  40440	   42.61333588	  -71.49332784	     85.021	   43.09318402	   73.35995290	   2130.652
  40442	   30.68051088	 -104.01499367	   2004.499	   30.17000070	  105.27962607	  10415.019
  40445	   20.70665603	 -156.25702702	   3062.102	   23.74018263	  162.30965946	  31608.871
  40451	   39.02172777	  -76.82683101	     14.498	   39.38819128	   78.53610615	 -10151.959
  40456	   34.30150551	 -108.11892772	   2347.738	   33.59307020	  109.48253603	  22083.707
  40457	   47.65397676	 -122.30947646	     44.190	   46.87130452	  123.58502714	 -15635.629
  40458	   34.05934297	 -118.64616203	    440.125	   35.64559766	  122.99596390	  23312.752
  40460	   32.86470396	 -117.25041063	     34.795	   34.59295251	  121.86538002	 -28838.182
  40461	   33.97988502	 -118.03116999	     94.214	   35.21547510	  122.28430709	 -47614.919
  40464	   35.88835197	 -120.43084077	    478.744	   37.40066406	  124.28603330	  17024.592
  40465	   41.77159090	  -91.57489623	    207.019	   41.64801699	   93.45104395	 -10873.166
  40469	   35.98234332	 -117.80889037	   1455.323	   36.33299045	  119.54848423	 -47522.296
  40472	   38.80312410	 -104.52459462	   1911.393	   38.27769450	  106.18227243	  -1186.468
  40473	   48.13152354	 -119.68263459	    238.606	   47.20974968	  121.37371175	  -4676.818
  40474	   33.85668622	 -117.43681648	    396.868	   35.10989457	  121.26585251	  21638.041
  40477	   19.80135541	 -155.45634309	   3754.672	   22.84724225	  161.53735677	  31046.087
  40479	   33.61041481	 -114.71485160	     85.970	   32.87114584	  116.25218276	   6224.420
  40480	   33.61793532	 -117.80343586	    115.535	   35.09778646	  122.04195178	  -1870.275
  40481	   34.03905189	 -117.09968323	    688.761	   34.75602366	  120.25735109	    787.239
  40483	   34.15744403	 -118.83031831	    246.541	   35.78165063	  123.21850362	  10391.059
  40487	   34.02395143	 -118.28511569	     21.856	   35.59663756	  122.48913383	 -44101.596
  40488	   33.44577252	 -118.48300880	      3.892	   35.30342839	  122.92222102	  10415.467
  40496	   40.18159246	 -104.72593824	   1502.827	   39.55771721	  106.35480166	   1400.524
  40497	   32.89194022	 -116.42235020	   1842.541	   34.26284106	  120.60900760	  12512.423
  40499	   25.61377981	  -80.38393218	    -15.596	   25.90837612	   81.35181392	   1807.133
  40507	   21.85615360	 -102.28420372	   1887.445	   21.51229573	  103.83394228	 -896282.175
  40508	   31.87126544	 -116.66738506	     87.627	   33.63388405	  121.06276857	   9395.485
  40509	   19.31269707	  -99.18130287	   2308.251	   18.76708823	   99.94280109	 -22903.515
  40511	   31.04504539	 -115.46586231	   2763.655	   32.78093491	  120.06799633	  19560.903
  40512	   28.88405947	 -118.28968452	     40.472	   31.05390208	  123.22653207	  18424.078
  40514	   19.84442710	  -90.54016582	     12.179	   19.86993096	   91.31619776	 -21471.216
  40516	   22.27832088	  -97.86402742	     21.047	   22.02260683	   98.77554661	  -7223.915
  40517	   17.07833984	  -96.71673953	   1607.251	   17.31246355	   97.15824507	   8833.364
  40518	   25.71550650	 -100.31290630	    521.739	   25.39572431	  101.36647133	   -501.333
  40520	   20.98004533	  -89.62031754	      7.856	   21.03235961	   90.44981641	 -16408.235
  40521	   24.13879861	 -110.31934886	     -6.850	   25.93894297	  115.15026136	   8761.036
  40522	   29.09254673	 -110.96721557	    186.948	   28.41122279	  112.17010386	   7718.883
  40526	   18.49527672	  -88.29922484	      2.949	   18.59374912	   89.03252979	 -32520.431
  40536	   19.74123830	  -99.18861128	   2267.958	   19.49362816	   99.82393402	 -66329.016
  40537	   29.82165375	 -109.68104986	    625.468	   29.24740280	  110.88552086	  -3988.784
  40546	   21.17465309	  -86.82090007	     -0.205	   21.22658383	   87.71879582	 -14318.079
  40547	   20.86850253	  -86.86817443	     -0.458	   20.91154620	   87.74546598	 -18347.683
  40549	   20.67900347	 -105.24920293	     10.534	   20.30597644	  106.00767989	 -17366.183
  40550	   16.51996823	  -96.05488419	    808.487	   17.17937305	   96.12066055	   2232.412
  40551	   19.12410495	 -104.40152675	     -9.718	   19.26838475	  104.66775659	   3071.863
  40552	   23.16044646	 -109.71764694	    103.836	   25.03101574	  114.62664848	  15041.420
  40554	   16.16842935	  -95.19677689	     -0.939	   16.37596458	   95.60882358	  -2807.406
  40611	    5.54434216	  -87.05583161	     10.376	   12.23951529	   82.47254904	  36432.164
  40616	    9.94537457	  -85.03119374	     20.891	   12.16087269	   83.34420855	 -89683.734
  40701	   20.01206352	  -75.76231664	     20.849	   20.45432146	   76.29956398	  -6543.685
  40901	   14.59040424	  -90.52018267	   1519.877	   14.90600788	   89.99994988	   2862.134
  40902	   16.91605599	  -89.86761399	    118.137	   16.99608605	   90.51341187	  21496.382
  41001	   18.52867782	  -72.30860525	    240.572	   19.42454315	   71.93650193	 -12865.665
  41201	   12.14893895	  -86.24899361	     71.059	   13.02274931	   85.69742589	  18092.619
  41202	   13.09953649	  -86.36212691	    852.716	   14.08258897	   85.21466680	  56013.134
  41401	   13.69708569	  -89.11659549	    626.638	   14.48045454	   88.58022127	  19484.727
  41505	  -34.57370077	  -58.51929913	     48.677	  -33.46826787	   58.55147035	  20235.923
  41507	  -53.78547150	  -67.75111771	     32.049	  -52.69062949	   67.19054302	  16308.935
  41510	  -34.90674472	  -57.93229956	     29.881	  -33.83795480	   58.01840455	  24144.750
  41512	  -38.70076778	  -62.26922719	     59.468	  -37.69218274	   62.22389647	   3046.484
  41513	  -43.29888027	  -65.10724843	     27.385	  -42.28255888	   65.31312411	   7052.001
  41514	  -24.72745595	  -65.40764301	   1257.734	  -23.64886356	   64.90623808	 -19418.599
  41515	  -54.83952454	  -68.30356632	     71.898	  -53.78277562	   66.94101421	  13775.217
  41517	  -31.60216669	  -68.23264777	    702.548	  -30.50780767	   67.53401638	  -5791.936
  41518	  -38.00265915	  -65.59524724	    404.543	  -37.05749670	   65.59524724	   6270.590
  41520	  -26.84325474	  -65.23035154	    485.057	  -25.90571324	   64.99117546	   9380.823
  41521	  -38.03560307	  -57.53114201	     20.125	  -36.93097272	   57.56470359	  21206.507
  41534	  -28.47098461	  -65.77412080	    547.160	  -27.67206836	   65.42760747	 -34748.598
  41544	  -38.00576692	  -57.57129757	     53.577	  -36.88689039	   58.03149568	  -3604.951
  41558	  -35.77735110	  -69.39792634	   1553.709	  -34.34453804	   72.03447034	  13081.924
  41602	   -3.87744447	  -38.42561291	     19.416	   -2.62976109	   38.86021079	 -43307.101
  41603	  -15.55526192	  -56.06986685	    237.425	  -14.46989970	   56.34828822	  -3555.564
  41606	  -15.94747423	  -47.87786933	   1106.002	  -14.81626428	   48.24055648	  -6540.999
  41609	  -22.68714515	  -44.98515857	    617.414	  -21.54933927	   45.33253895	   2969.616
  41610	  -25.44836748	  -49.23095513	    925.758	  -24.32114166	   49.54577927	   9235.136
  41611	  -22.11990359	  -51.40853423	    430.948	  -20.94786195	   51.68680480	  12826.113
  41612	  -13.25555733	  -43.42173563	    419.398	  -12.15448603	   43.88937954	  12794.718
  41614	   -3.02291860	  -60.05501684	     93.877	   -1.93557470	   60.40620201	 -11648.012
  41615	   -5.49176507	  -47.49723493	    104.994	   -4.32142236	   47.87675527	 -19438.870
  41616	  -30.07404134	  -51.11976500	     76.737	  -28.96472272	   51.32484664	   3298.607
  41617	   -8.05096264	  -34.95151676	     20.133	   -6.89640614	   35.35168206	 -32547.903
  41618	  -13.00866879	  -38.51235947	     35.743	  -11.90511689	   38.83377289	  -2693.475
  41620	  -25.02023819	  -47.92496876	      6.061	  -23.86459739	   48.17035761	   1345.675
  41622	   -1.40879424	  -48.46254998	      9.062	   -0.25529939	   48.89555083	 -26531.130
  41628	   -8.70933553	  -63.89632000	    119.586	   -7.61323897	   64.20496136	 -10632.342
  41629	    0.04668684	  -51.09733710	     -4.236	    1.18583561	   51.47457137	   2386.629
  41632	  -22.52330261	  -52.95208867	    299.678	  -21.71564910	   53.08803836	 -30057.653
  41634	  -20.42778361	  -51.34338498	    375.036	  -19.31514536	   51.60060035	  -7373.671
  41636	    2.84518348	  -60.70111524	     69.501	    3.93918792	   61.10622349	   1383.541
  41637	  -20.31079333	  -40.31945522	     14.289	  -19.14616011	   40.70879905	   6456.512
  41638	  -28.23483835	  -48.65572168	     31.372	  -27.07928407	   48.92796726	   -621.034
  41639	   -0.14385337	  -67.05778132	     94.888	    0.89865449	   67.42699062	 -14726.756
  41640	   -2.59345830	  -44.21247923	     18.974	   -1.40664496	   44.58150839	 -10492.264
  41643	  -12.93924569	  -38.43225406	     76.305	  -11.79127478	   38.84499356	   2506.939
  41644	  -12.97515711	  -38.51648502	     -2.106	  -11.85425076	   38.94767573	   2383.581
  41645	   -9.96545793	  -67.80281190	    172.612	   -8.94287819	   68.05760572	  -4757.579
  41648	  -10.17105237	  -48.33067942	    256.534	   -9.03022367	   48.73132971	  -7337.339
  41703	  -27.14820960	 -109.38328627	    114.530	  -27.53529966	  102.64512856	  28199.992
  41705	  -33.15028746	  -70.66855287	    723.065	  -31.63011300	   68.45272503	  25384.541
  41708	  -20.27354061	  -70.13171268	     38.950	  -18.83178149	   67.61403745	  17535.472
  41712	  -33.02724251	  -71.62609074	     31.370	  -31.02036875	   68.73562711	 -20267.346
  41713	  -37.33870223	  -71.53204871	    745.401	  -36.38131687	   69.79631749	  11513.463
  41714	  -27.38452615	  -70.33823551	    479.118	  -25.90947711	   68.30731978	  48825.278
  41715	  -45.51434057	  -71.89208102	    476.168	  -44.59522279	   72.20722309	  -5657.142
  41716	  -53.13695429	  -70.87988176	     22.289	  -52.04662364	   70.17971446	  -4648.227
  41719	  -36.84376020	  -73.02547955	    180.675	  -34.87264630	   69.31378649	  -2268.788
  41761	  -23.67896651	  -70.40926908	     72.704	  -21.83592546	   67.38397078	   7928.531
  41803	  -22.01710301	  -63.67998469	    659.678	  -20.87543617	   63.69926572	 -20084.668
  41901	    4.64007358	  -74.08093964	   2576.518	    6.11045611	   74.09053563	 -373460.053
  41902	   10.39133476	  -75.53385310	      4.062	   11.36861392	   74.38516498	 -18844.255
  41904	    7.89845843	  -72.48793964	    311.171	    9.21157695	   72.19629215	  -9946.622
  41912	    3.88202312	  -77.01042038	     57.749	    5.14725132	   76.51465223	   3840.818
  42003	   -0.21515671	  -78.49360772	   2922.528	    0.73746382	   77.83572840	 -19785.454
  42005	   -0.74269463	  -90.30361610	      7.433	    0.18899685	   85.72822820	  15219.335
  42006	   -1.65059514	  -78.65110682	   2817.169	   -0.91738246	   78.54319955	  -5653.250
  42202	  -16.46551251	  -71.49279016	   2488.902	  -15.20437556	   70.34638946	  -8797.366
  42204	   -3.76734550	  -73.26870870	    122.128	   -2.80500128	   73.62981631	 -23861.814
  42205	  -12.06287501	  -77.14931976	     33.795	  -10.79870058	   75.47529614	  33213.332
  42402	   10.67397931	  -71.62443029	     28.396	   11.86477992	   70.79942427	   8035.678
  42501	   32.37039915	  -64.69627375	    -11.633	   33.16746973	   65.98454941	  -8258.086
  42601	   17.93902384	  -76.78087193	     -2.939	   18.86929293	   76.49621074	    903.975
  43001	   76.53733757	  -68.78801774	     55.056	   76.82602863	   77.53178784	  38105.901
  43003	   65.57933543	  -37.14935789	     67.454	   66.99346285	   40.70645509	  37027.382
  43005	   66.98741902	  -50.94484031	    229.868	   68.02003797	   55.16540293	  -7198.204
  43006	   70.48533452	  -21.95033770	    128.518	   72.22374248	   25.03955053	  45046.525
  43007	   60.71526406	  -46.04776443	    110.450	   61.90083567	   49.24539096	  37792.751
  43016	   76.35162064	  -61.67766820	    609.635	   77.00308993	   69.76636972	 174504.577
  43018	   81.25271459	  -63.52739641	    203.258	   81.71135261	   76.62137030	  92111.289
  43019	   66.86327966	  -35.57631483	   1720.851	   68.50321593	   38.90710504	  84949.673
  43020	   74.58062480	  -57.22705810	     93.999	   75.25897804	   64.55050040	 107139.989
  43021	   64.43048048	  -40.19805268	    174.020	   65.76424518	   43.39647688	 109730.001
  43022	   61.63187580	  -44.90106568	   2134.579	   62.94258018	   48.07050674	  85970.524
  43023	   66.89772702	  -34.03345980	    122.256	   68.41026364	   37.69584363	  70280.135
  43024	   70.74040549	  -52.68837316	     53.004	   71.68931378	   57.97814278	  58787.172
  43025	   71.84849976	  -50.99396236	   1337.822	   72.91059007	   56.02563312	  81736.241
  43026	   72.91067778	  -54.39370468	    370.384	   73.61516928	   60.91358644	 158380.658
  43027	   62.53554239	  -42.28615043	    313.255	   63.92140075	   45.34696917	  80077.775
  43028	   64.27706894	  -41.37507649	    121.887	   65.64400887	   44.93742986	  82203.717
  43201	   17.75689879	  -64.58431936	    -31.960	   18.98555514	   63.60432131	 -11737.634
  43606	   23.56404924	  -75.87340187	    -20.058	   24.03188242	   76.81953424	 -16082.500
  43607	   25.05253910	  -77.46225640	    -21.255	   25.44830467	   78.39029924	 -23188.057
  49130	   50.13249457	 -125.33083137	     -7.446	   49.34625967	  126.69981331	  34361.597
  49371	   37.76296791	 -122.45815107	    154.606	   39.10232572	  126.14733439	   2014.597
  49372	   29.28513658	  -94.78930135	    -17.441	   29.05442244	   95.95022976	  -2967.452
  49373	   39.10067441	  -74.80289973	    -26.607	   39.50419661	   76.49464720	 -21208.006
  49374	   38.92834617	 -123.72619790	    -11.297	   40.97878149	  128.14354349	  10229.956
  49375	   36.62167656	 -121.90541060	    -26.336	   38.67394380	  126.51757634	  17056.773
  49376	   17.71618297	  -64.79812517	     -6.387	   18.93471880	   63.76201552	  -7635.100
  49377	   59.34037553	 -138.89881286	    773.289	   60.75905803	  144.73726180	 186290.449
  49378	   34.08099521	  -81.12167609	     81.610	   34.35467093	   82.42010386	 -23729.319
  49379	   36.76530455	 -121.44718663	    359.828	   39.02017139	  126.46098993	  34603.038
  49381	   51.86414944	 -176.66264752	     59.368	   50.86266419	  178.18705493	  40926.606
  49382	   33.93993398	  -78.73524992	    -17.453	   34.23946040	   80.18626517	 -31533.785
  49383	   32.77947692	  -79.92536489	    -14.618	   33.07063292	   81.25627100	 -13721.851
  49384	   40.71952616	  -73.73007806	     -1.655	   41.14796292	   75.48314084	  -6119.365
  49385	   40.01316113	  -75.17633424	     26.540	   40.40615904	   76.88588107	  -4166.988
  49386	   40.70106921	  -74.01432322	    -15.749	   41.08593668	   75.72158030	 -19257.333
  49387	   39.47452379	  -74.53082033	    -12.381	   39.91313560	   76.26641344	 -16096.017
  49389	   31.98757758	  -81.02290258	    -23.168	   32.19704108	   82.31442069	  12185.658
  49390	   42.30005717	  -71.44191062	     42.830	   42.77135403	   73.27385154	   4032.078
  49391	   41.74559857	 -124.18430079	    -21.961	   41.67433696	  125.58311558	  29048.639
  49395	   37.91940482	 -122.15255406	    262.253	   38.26902522	  125.12090985	   8695.074
  49396	   30.24916881	  -88.07797598	    -19.204	   30.17995337	   89.32635311	 -11885.234
  49397	   60.48133275	 -149.72400728	    151.434	   60.26751928	  153.16644563	  53038.975
  49398	   48.05954884	 -123.50327898	    287.324	   47.38977442	  124.40480029	  -5920.271
  49399	   29.26552826	  -89.95730245	    -17.030	   29.20493272	   91.21424220	 -63855.638
  49400	   58.41677525	 -134.54530146	     51.560	   57.22686050	  136.59553082	 164653.301
  49401	   59.52803859	 -135.22829847	    304.191	   58.61519951	  136.98854760	 169953.764
  49402	   60.54870430	 -145.74985964	    146.023	   61.33139663	  149.75767828	  17442.113
  49403	   41.89970066	  -71.88913955	     55.905	   42.38069333	   73.72438993	  -4919.840
  49404	   41.33529689	  -72.04971718	    -19.579	   41.82612811	   73.85814488	  -9008.809
  49405	   37.86389629	 -122.21906065	    407.354	   38.47103008	  125.33422198	   6603.805
  49406	   32.78292376	  -79.93799603	    -11.388	   33.06475080	   81.31259767	 -17643.778
  49408	   40.69109463	 -124.23703724	     -6.458	   41.46757394	  125.59141541	  -7410.097
  49409	   40.68052963	  -74.23440313	     -4.778	   41.20970296	   75.95679484	 -19092.688
  49410	   39.25462803	  -76.70935284	     44.603	   39.63906804	   78.42504608	 -11108.062
  49411	   53.87563432	 -166.54183637	    105.687	   51.81405347	  167.66685431	  34706.350
  49412	   29.63100940	  -83.10815468	    -15.309	   29.80571485	   84.35009677	  -2855.272
  49413	   30.46902274	  -87.18941991	      1.944	   30.50755087	   88.50333480	  -5751.353
  49414	   40.91467987	  -73.12495890	     23.785	   41.35147780	   74.93215198	  -8991.844
  49415	   37.68621927	 -122.41044270	     -2.194	   39.01587677	  126.21894793	 -11636.307
  49416	   37.34153254	 -121.64257920	   1261.741	   37.22876207	  124.37402938	  -8139.008
  49417	   39.56145211	  -75.56998311	    -26.904	   39.90137358	   77.24563951	 -12302.957
  49418	   43.39551820	 -124.25348279	     27.093	   43.20200276	  125.27436630	   2600.725
  49419	   65.61498105	 -168.06212528	    162.087	   63.49106041	  168.24256342	   7561.193
  49420	   36.68544623	  -97.48073835	    279.707	   36.34108870	   99.07483687	  -4010.163
  49422	   34.97986569	  -97.51925018	    305.111	   34.69068577	   99.05800052	    937.510
  49423	   37.65264370	 -122.14056897	    -28.845	   38.52614158	  125.67844614	  14267.386
  49424	   40.64016842	 -114.17969854	   1560.207	   39.77802229	  116.13819899	   9460.503
  49425	   38.99518485	 -123.07472878	    353.217	   39.84044933	  126.63295537	  13409.868
  49426	   37.89087543	 -122.44760347	    -21.298	   39.03122731	  126.05867078	 -30030.691
  49427	   37.99617562	 -123.01872048	    145.713	   40.11074355	  127.45130520	   8011.202
  49428	   35.94523888	 -120.54155855	    589.840	   37.64204380	  124.49443791	 -10904.409
  49433	   40.13093204	 -105.23271312	   1672.732	   39.50477413	  106.96707407	  -6223.408
  49436	   32.61841167	 -116.59086316	    730.266	   34.16943856	  120.86646762	   2447.477
  49437	   31.76976567	 -106.41393010	   1113.286	   31.11314039	  107.75614526	  -1194.931
  49439	   29.91346082	  -95.14575554	     -8.531	   29.90756407	   96.39287318	 -22876.457
  49449	   43.28146546	  -72.47757012	    155.265	   43.70624134	   74.40001728	   3223.521
  49450	   35.39048435	  -85.37805405	    206.194	   35.48955355	   86.86698544	  -4354.240
  49451	   43.74611674	 -111.11027054	   1863.944	   42.78299745	  113.06790719	  -6262.856
  49459	   30.35628098	  -89.61027834	    -11.682	   30.33183543	   90.90163721	  -8805.251
  49460	   25.75460345	  -80.37356832	      1.750	   26.04956353	   81.39510721	 -14095.338
  49467	   37.24854083	  -76.49945801	    -22.078	   37.62625396	   78.13739644	 -25245.898
  49468	   39.13399178	  -77.22098215	    107.652	   39.47259817	   78.94097339	    941.993
  49469	   32.22445578	 -110.97187902	    733.191	   31.57608437	  112.35302396	  -4524.552
  49470	   39.16008773	  -75.52360010	    -15.185	   39.52560976	   77.29448725	 -10064.426
  49472	   34.82661479	 -120.56350956	     98.912	   36.80836063	  125.24683189	  39023.337
  49473	   40.47149299	  -74.01159786	    -24.640	   41.26067154	   75.05156775	 -10821.440
  49474	   32.13860016	  -81.69633600	      8.415	   32.34797251	   83.04637251	  -3682.181
  49475	   43.62864448	  -83.83776904	    149.192	   43.70355039	   86.20415027	 -23004.970
  49484	   32.09026082	  -87.39181357	      9.044	   32.18300550	   88.70005696	 -18792.917
  49488	   31.89722817	  -92.78191249	     68.023	   31.74583297	   94.10325536	  -9686.066
  49490	   36.07170765	  -99.21731614	    623.897	   35.83786728	  100.66583017	   7015.428
  49494	   34.09026375	  -88.86247983	    105.729	   34.06337773	   90.33663653	  -3444.580
  49507	   39.99542482	 -105.26225279	   1653.779	   39.45226280	  106.95647013	   8593.816
  49528	   26.14864502	  -81.77628998	    -19.054	   26.42534487	   82.87316624	 -24008.710
  49569	   29.30147531	  -95.48507482	     -9.463	   29.03487643	   96.75298322	  26256.086
  49572	   31.87392473	 -102.31516505	    858.772	   31.32575620	  103.61884457	  -3652.596
  49577	   29.77941919	  -95.43299266	     11.914	   29.55108358	   96.96024130	 -86249.347
  49578	   27.74079730	  -97.44167875	    -10.397	   27.57160996	   98.73349774	 -27715.638
  49579	   30.31169600	  -97.75631837	    190.193	   30.04377836	   98.97253518	 -15668.481
  49581	   29.49121093	  -98.57664292	    263.834	   29.17855490	   99.82098030	  -1497.908
  49582	   24.55369013	  -81.75428229	    -11.798	   24.83090392	   82.75583968	 -15134.733
  49584	   30.20459404	  -85.67819464	    -18.642	   30.30649479	   86.97901747	  -5782.224
  49591	   30.48403808	  -81.70148558	    -19.214	   30.71259879	   82.99869419	 -12759.044
  49642	   46.84008501	 -122.25651937	    533.611	   46.13827147	  123.55388086	 -15215.277
  49656	   33.48045208	 -119.02973696	     14.792	   35.45329572	  123.56899618	   5405.112
  49659	   44.58553511	 -123.30460493	    105.611	   44.14800532	  124.45387770	   3948.523
  49662	   46.11817724	 -122.89606954	    -15.941	   45.57999498	  124.10264294	 -11049.399
  49670	   48.54619447	 -123.00761101	    -15.033	   47.76641087	  124.20827609	    199.297
  49671	   41.74325299	  -70.88659157	      5.015	   42.29807345	   72.73794993	 -26865.395
  49672	   34.34464832	  -77.87538833	    -17.342	   34.69732727	   79.30700032	  -7545.726
  49676	   36.90463315	  -75.71270086	     -1.148	   37.27267388	   77.33936231	 -11235.530
  49677	   30.51307530	  -90.46762664	      5.821	   30.45277800	   91.72910091	  -7843.066
  49684	   41.50984695	  -71.32753788	    -13.097	   42.00886361	   73.15121587	  -1972.112
  49692	   35.47352909	  -79.15805618	     94.082	   35.77018858	   80.68349257	   3675.494
  49710	   34.49998122	 -119.71999734	   1179.207	   36.04885793	  124.32269738	  26289.290
  49714	   35.31180429	 -120.66109394	    134.628	   37.33308714	  125.12942980	  22743.622
  49728	   33.31161686	 -118.33381675	    477.241	   35.17928909	  122.77963139	   6995.197
  49734	   34.00433601	 -120.06522170	     68.213	   36.08596481	  124.72236681	  15431.516
  49741	   34.03825913	 -120.35139217	    130.926	   36.19131747	  125.03813269	  13938.945
  49763	   42.83609885	 -124.56334602	     37.828	   42.95913100	  125.37131086	   7393.770
  49769	   41.78274112	 -124.25520005	    -10.208	   41.74059134	  125.45351052	  20771.319
  49778	   27.84982172	  -82.53232054	    -15.887	   28.00782348	   83.67309770	 -11005.918
  49795	   40.74148270	  -74.17770593	     16.668	   41.16892978	   76.01624914	 -10934.355
  49802	   58.41775645	 -135.69705173	     20.025	   57.11540033	  137.53806818	 199687.681
  49804	   55.19027067	 -162.70715956	     50.469	   53.16982260	  164.05297759	    618.889
  49805	   64.68793953	 -147.11296878	    176.470	   63.00313988	  148.78781076	  11473.668
  49817	   33.13060768	 -117.04176905	    185.242	   34.69940740	  121.22860893	  12326.637
  49834	   56.85449220	 -135.53929721	     66.601	   56.17410464	  138.07819074	  14431.796
  49835	   34.02926012	 -119.78481205	    702.183	   36.05021774	  124.38499446	  14479.454
  49837	   47.77410382	 -122.08015637	    109.049	   47.09257271	  123.38311096	   5316.611
  49840	   43.88981709	  -69.94657676	      1.903	   44.44947107	   71.85468936	   6130.117
  49841	   41.67120336	  -69.95004777	    -10.622	   42.21293685	   71.91281686	  -1653.330
  49842	   43.07095826	  -70.70985371	    -14.252	   43.52189168	   72.66203929	   8149.640
  49843	   41.06711012	  -71.86044753	    -10.568	   41.63564752	   73.84159821	  -1546.422
  49845	   38.77678811	  -75.08768803	    -13.551	   39.13407894	   76.80185587	  -8163.952
  49846	   36.18167761	  -75.75133601	    -26.155	   36.56168259	   77.26749601	 -33445.254
  49847	   36.92708058	  -76.00637014	    -26.759	   36.95272461	   77.57829684	    509.200
  49848	   37.53790504	  -77.42966442	     55.525	   37.88764146	   79.03357935	  -3261.034
  49851	   32.75756635	  -79.84287542	    -29.038	   33.02986713	   81.22571790	  -8648.162
  49852	   24.58227263	  -81.65303347	    -13.797	   24.82294796	   82.65311640	  -6156.266
  49853	   35.59945479	  -82.54620538	    659.165	   35.79663664	   84.09364786	   6234.166
  49856	   45.65349399	  -84.46564688	    145.047	   45.85307031	   86.39641613	   2950.488
  49862	   43.00253640	  -87.88844914	    147.332	   42.98618190	   89.82315880	 -30913.696
  49863	   30.22751849	  -88.02410482	    -18.594	   30.18391016	   89.41188553	 -30624.980
  49865	   38.61108836	  -89.75868993	    157.152	   38.51858512	   91.39740492	   4763.495
  49866	   29.87896263	  -89.94172884	    -18.608	   29.82740928	   91.22938023	 -22807.830
  49870	   44.30394889	  -91.90330783	    353.757	   44.10586694	   93.91764901	  -9582.679
  49871	   46.70505591	  -92.01521448	    159.225	   46.48495437	   94.25741734	  -4485.607
  49872	   29.32988049	  -94.73680987	    -17.586	   29.06079656	   95.93727862	 -48888.603
  49876	   31.77827262	  -95.71851106	     94.851	   31.54555529	   97.06716841	  -2572.074
  49877	   35.68275427	  -95.86338559	    191.126	   35.43000923	   97.41246749	  15801.454
  49878	   27.83835148	  -97.05895896	    -16.656	   27.46757771	   98.53380179	 -33234.088
  49880	   37.60835412	  -75.68700595	    -29.102	   38.01266236	   77.30783830	 -14279.876
  49884	   32.40713621	 -106.34983113	   1204.061	   31.84165245	  107.66914008	   6728.887
  49886	   32.66542125	 -117.24303013	    -22.541	   34.26907454	  121.67543610	 -12278.801
  49890	   37.18708623	 -122.38995395	      7.810	   39.26792912	  127.04950989	   5234.959
  49891	   37.85305476	 -122.41894888	     -8.075	   38.73430137	  126.34324059	    968.602
  49893	   46.20488751	 -123.95609483	    -13.929	   45.88994404	  124.45690837	  21200.566
  49894	   40.44177430	 -124.39633526	    305.508	   42.09278130	  126.95303133	 -13474.882
  49895	   20.24588873	 -155.88381783	     78.174	   23.28701901	  161.90472990	  22488.607
  49896	   21.98349413	 -159.75816918	     23.658	   25.05159574	  165.91100950	  34217.748
  49898	   32.57931531	 -116.97268271	    123.595	   34.18405362	  121.21217113	   8814.465
  49901	   34.38184881	 -117.67828266	   2228.025	   34.98582818	  120.97125118	  10722.278
  49902	   34.13460123	 -118.32175561	    485.041	   35.35929766	  122.53191521	  11592.360
  49907	   38.31887682	  -76.45389564	    -19.078	   38.69568085	   78.12642846	 -21221.440
  49908	   38.98334883	  -76.47938948	    -27.307	   39.30398164	   78.19501592	   1794.860
  49909	   33.24787541	 -119.52436608	    239.663	   35.32308942	  124.18463266	  10844.130
  49912	   33.79779836	 -118.33060430	     -5.223	   35.40736488	  122.63201831	  10709.297
  49913	   38.58881688	  -76.13037465	    -27.978	   39.05227744	   78.00592999	 -12747.595
  49914	   25.73280993	  -80.16017076	    -22.286	   26.01833517	   81.15953867	  -2157.851
  49915	   32.91442751	 -118.48793878	    452.853	   34.90331917	  123.07058677	   9361.416
  49917	   33.93475712	 -116.39178261	    445.012	   34.32520654	  118.80001626	  12464.295
  49927	   44.39504826	  -68.22169135	      6.759	   45.00835557	   70.16183672	   3222.847
  49928	   44.90871006	  -66.99213215	     30.363	   45.53987444	   68.97823582	  -3680.669
  49956	   33.71264011	 -118.29382380	     59.484	   35.39420260	  122.60598427	  10077.453
  49970	   21.30328975	 -157.86454852	     21.968	   24.31127056	  164.02043973	  34222.935
  49979	   19.71918432	 -155.05269732	     29.290	   22.82231191	  161.11742871	  26487.999
  49980	   21.98456373	 -159.33925762	     45.985	   25.02238455	  165.42776926	  27380.186
  49985	   32.70616899	 -115.03180349	      9.779	   32.12561033	  116.66882644	 -18813.699
  49995	   60.67507781	 -151.35017940	     56.176	   58.19714260	  149.90203275	 138692.339
  49998	   55.06907176	 -131.59953669	     32.180	   54.09185169	  133.58542975	   4250.538
  50103	  -35.39920217	  148.97999923	    665.339	  -30.39627659	  150.86875052	  18385.831
  50107	  -29.04655206	  115.34697879	    241.281	  -23.78547039	  119.13627812	  34346.512
  50108	  -32.99876479	  148.26461187	    397.355	  -28.03128636	  150.30197952	  22333.361
  50109	  -34.72899560	  138.64734752	     38.039	  -29.43189137	  141.17682231	  16702.375
  50116	  -42.80471026	  147.43873526	     41.054	  -37.81830469	  149.04775056	  15638.294
  50119	  -35.31553087	  149.01005345	    799.926	  -30.31175363	  150.90780089	  17552.894
  50124	  -33.78087672	  151.15038043	     85.590	  -28.85867139	  153.00054017	  18006.160
  50127	  -12.18834512	   96.83397086	    -35.298	   -7.57102038	  100.79936940	  25468.681
  50133	  -31.80196316	  115.88525290	     12.704	  -26.50619795	  119.79482372	   9469.566
  50134	  -12.84370220	  131.13274090	    125.108	   -7.46818580	  134.35509462	  26903.879
  50135	  -54.49952886	  158.93583178	     -6.857	  -51.54052680	  157.41754072	 -19724.653
  50136	  -12.65884574	  132.89389970	     82.097	   -7.32129248	  136.10348027	  -3779.774
  50137	  -23.67011547	  133.88551851	    603.250	  -18.30945231	  136.90002647	  29184.610
  50138	  -31.86666294	  133.80983167	    144.730	  -26.53908789	  136.71020820	  23913.437
  50139	  -20.98142783	  117.09719300	    109.146	  -15.68863049	  120.70757782	  36749.978
  50140	  -19.26927754	  147.05568947	     88.118	  -14.20019300	  149.72473428	  22328.210
  50141	  -31.82552093	  115.73858410	    -27.237	  -26.60986249	  119.64279763	   7560.235
  50143	  -27.48489090	  153.03530076	     91.993	  -22.61991556	  155.14039776	  18558.988
  50144	  -41.05006450	  145.91485195	      3.814	  -35.95443764	  147.78547159	  10257.819
  50145	  -34.47554676	  150.91369832	     34.451	  -29.53540222	  152.78630193	  18152.313
  50158	  -38.34439617	  141.61347254	      0.865	  -33.18626108	  143.84746714	  22027.001
  50160	  -38.37517948	  145.21403728	     29.216	  -33.28239229	  147.24776938	  19844.954
  50162	  -42.54643816	  147.93085027	      1.070	  -37.49045867	  149.48704468	  18202.565
  50176	  -18.00397315	  122.20908661	     42.248	  -12.59385735	  125.63425905	  17968.528
  50177	  -33.87431842	  121.89432535	     32.439	  -28.52343372	  125.43646654	  27766.387
  50178	  -35.09470194	  138.48571626	     57.712	  -29.88278302	  140.77513035	  26061.182
  50181	  -31.04873269	  116.19272000	    234.828	  -25.76784954	  120.00307400	  34272.448
  50182	  -37.82940830	  144.97533896	     40.589	  -32.67905301	  147.02826033	  16499.684
  50183	  -10.44996421	  105.68850068	    261.514	   -5.47007255	  109.42893098	  27642.867
  50184	  -12.42400842	  130.89149363	     83.059	   -7.06264147	  134.12258106	  21761.898
  50185	  -24.90822116	  152.32100605	     80.017	  -19.98526421	  154.60840940	  17895.192
  50189	  -29.04334537	  167.93883256	    159.013	  -24.93057083	  169.32349408	   7003.239
  50191	  -34.95022651	  117.81018706	     36.645	  -29.66557859	  121.62662871	  31304.179
  50204	  -43.98570298	  170.46493952	   1043.645	  -41.06654135	  167.00042632	   -366.502
  50207	  -43.95578379	 -176.56584476	     57.970	  -40.88243737	  178.60905788	  12573.345
  50208	  -41.32345399	  174.80589107	     26.028	  -38.23422205	  172.02176587	 -17320.725
  50209	  -36.60284094	  174.83438594	    132.694	  -33.06866132	  175.27315359	   4354.154
  50210	  -19.07652656	 -169.92706796	     89.700	  -15.86434480	  175.42953696	  16873.928
  50212	  -45.86949880	  170.51091660	     26.143	  -43.00828985	  166.61884751	  -1539.765
  50213	  -21.20102561	 -159.80061320	     18.405	  -17.93064499	  165.71689119	  33705.718
  50214	  -43.70273320	  172.65470076	    154.655	  -40.86232496	  168.57224178	   1838.866
  50216	  -36.84359851	  174.76989453	     40.868	  -33.21665057	  175.23115994	    -90.609
  50227	  -39.18255370	  174.11817401	    416.934	  -35.58507766	  174.10714048	    -53.980
  50234	  -46.58506170	  168.29208393	    124.623	  -43.66175199	  164.88287356	   4039.905
  50242	  -43.73547334	 -176.61711594	     75.677	  -40.68425229	  178.54163747	   3594.737
  50243	  -36.43441054	  174.66277996	    111.277	  -32.86010405	  175.13304431	  -2385.389
  50246	  -43.66623877	  169.85585337	   1222.316	  -40.22913071	  167.89403824	  40822.817
  50247	  -43.77732754	  170.10550938	    960.369	  -40.71471023	  167.32364870	  55283.419
  50248	  -43.60838542	  169.77516151	   1403.278	  -39.89722421	  168.38722273	  16825.419
  50250	  -43.53167604	  169.81581779	     58.027	  -39.72812979	  168.82749713	  20650.209
  50305	    1.35458322	  172.92289310	     36.169	    4.14989271	  166.84743434	  44597.938
  50501	   13.58932961	  144.86836064	    201.931	   13.95801468	  143.98996454	   6041.140
  50503	  -14.32609432	 -170.72243706	     53.639	  -11.18780510	  176.52303965	  35832.614
  50506	    8.72220823	  167.73023634	     38.212	   11.33528982	  161.41542138	  28334.353
  50512	   15.22969723	  145.74309191	     64.402	   16.39954826	  144.02751534	  -7972.008
  50601	  -13.83221219	 -171.99952989	     47.574	  -10.75177910	  177.83178584	  21843.891
  50603	  -13.84920938	 -171.73842414	     76.862	  -10.77509683	  177.55931569	  34790.160
  50701	   -0.55172948	  166.92554775	     46.247	    2.12596001	  160.91911792	  29144.789
  50804	  -17.60881233	  177.44658102	     89.661	  -14.68305427	  178.80265908	  -2001.835
  50902	  -21.14471336	 -175.17921790	     56.314	  -21.57344374	  166.47191713	  75780.779
  51002	   -6.67370510	  146.99318914	    140.266	   -1.84557297	  149.49555439	 -30477.749
  51006	   -2.04322940	  147.36600838	    116.335	    0.07658959	  141.45732940	  23456.507
  51101	   -8.52528959	  179.19655740	     38.400	   -5.57355041	  173.41013179	  29621.812
  51401	  -15.44713730	  167.20320247	    126.986	  -12.45108983	  166.45547168	 -22730.269
  51402	  -17.72888833	  168.31949332	    114.178	  -16.91834326	  162.85066273	 -18867.527
  51404	  -15.64358468	  167.09333553	     76.891	  -12.50018799	  166.88015454	 -47415.826
  51406	  -14.96807100	  168.05758612	     74.806	  -11.78918557	  165.46459102	 -124306.707
  51407	  -15.41951822	  167.67930262	     78.955	  -12.14773826	  166.34949867	 -76113.370
  51409	  -15.97366770	  167.19191856	     89.941	  -12.82605614	  167.49188107	 -110432.867
  51501	    7.11914890	  171.36451982	     33.692	    9.81023809	  165.12806667	  39202.658
  51601	    6.95994521	  158.21011206	     90.675	    9.20036061	  151.86770550	  40462.914
  59953	  -23.16098892	  150.79008269	     58.138	  -18.22378951	  153.22025943	  25719.018
  59959	  -10.59037161	  142.29621198	     87.703	   -5.41561859	  145.38465246	  35172.594
  59968	  -14.37600081	  132.15327350	    184.293	   -9.02291551	  135.33060271	  33400.671
  59978	  -27.52615249	  153.26653789	     66.907	  -22.65693987	  155.40296031	  13657.167
  59984	  -15.57315732	  133.21275765	    229.335	  -10.12780674	  136.37772116	 -31126.654
  59987	  -32.47029079	  137.93432891	    201.880	  -27.20201715	  140.59477646	  12251.639
  59998	  -31.51988466	  159.06120057	     71.407	  -26.92104710	  160.67920476	  12493.172
  66001	  -77.83834984	  166.66933040	     97.960	  -78.83574924	  171.16265020	  -4131.727
  66004	  -67.60476670	   62.87071486	     59.123	  -67.79084547	   61.99321902	  -4799.252
  66005	  -64.77508973	  -64.05112117	     31.065	  -63.81120575	   61.32127105	  27309.591
  66006	  -69.00695709	   39.58374300	     50.013	  -68.71835445	   38.62458565	  22248.324
  66007	  -67.57138836	  -68.12577563	     39.702	  -66.64735300	   64.82954028	  53491.344
  66008	  -63.32072229	  -57.90033709	     30.719	  -62.40040927	   55.07469951	  41487.700
  66009	  -71.67379585	   -2.84178284	    862.348	  -70.75024253	    2.97766262	  -2305.607
  66010	  -68.57732330	   77.97261291	     44.386	  -69.03404903	   77.24498531	 -14685.766
  66011	  -66.28335992	  110.51970618	     22.454	  -67.16941366	  110.86546938	   9805.863
  66012	  -62.19410112	  -58.98050038	     72.284	  -60.59482618	   57.23757250	 -32779.419
  66038	  -65.24600517	  -64.25416243	     20.997	  -64.31404292	   61.58796892	  52139.638
  66061	  -77.53272993	  160.27140962	   1869.696	  -78.59088826	  163.92985863	  18522.213
  66062	  -78.92767342	  162.56470104	    243.178	  -79.94695095	  166.76553325	  13835.229
  66063	  -77.03443927	  163.19010948	    -41.627	  -78.06272277	  167.08157882	  12676.549
  66069	  -79.84569852	  154.22011968	   2192.649	  -80.93146803	  157.39671634	  12617.408
  80401	   19.29294852	  -81.37944728	      8.422	   19.54483315	   82.14338457	 -13427.033
  80601	  -51.69841017	  -57.85074261	     66.135	  -50.57478163	   57.78016160	    293.756
  80602	  -51.69365206	  -57.87406736	     50.828	  -50.54216820	   57.83171514	  -4662.255
  81701	   28.76387232	  -17.89382740	   2199.196	   30.28007196	   16.23959239	  -5566.875
  82001	   18.46297722	  -67.06695699	     89.540	   19.64525252	   66.27529730	  -2016.788
  82002	   17.97039799	  -67.04537132	    -25.478	   19.02635088	   66.22800766	  -3365.516
  82007	   18.43133850	  -65.99347528	    -29.051	   19.67812853	   65.17214012	  -8944.802
  82008	   18.30743904	  -65.28251573	    -30.405	   19.58402983	   64.42160164	 -22819.932
  82009	   18.40783666	  -66.16119926	     49.224	   19.65483150	   65.30153206	 -10810.630
  82010	   18.21758562	  -67.15886743	    -38.620	   19.40219471	   66.32859128	 -15087.571
  82101	   18.34009477	  -64.97444726	    -21.475	   19.58762313	   64.01891201	 -15730.344
  82301	   13.43320835	  144.80271250	    134.734	   13.82083968	  143.96020106	  -6069.567
  91201	  -49.35146697	   70.25552238	     73.013	  -49.57434292	   70.91916061	    302.313
  91501	  -66.66508529	  140.00193389	     -1.345	  -67.70606535	  141.77546402	  -8488.292
  92201	  -17.57706052	 -149.60645183	     98.021	  -14.39759732	  155.68661131	  34224.086
  92301	  -23.13035541	 -134.96482214	     80.635	  -20.12342110	  141.40211160	  40829.975
  92401	  -23.34179846	 -149.47553815	      4.508	  -20.13690305	  155.61237565	  35678.483
  92701	  -22.26984841	  166.41020237	     83.054	  -18.05695249	  168.33610983	   4405.788
  92727	  -20.55869108	  164.28733714	     84.149	  -16.27056883	  166.31298830	  15471.069
  92732	  -20.91798531	  167.26378193	     73.193	  -16.74430286	  169.26787502	  10415.056
  92733	  -22.26478774	  166.44251593	     71.206	  -17.96978254	  168.33958402	   2971.107
  92902	  -14.30780350	 -178.12094471	     84.878	  -11.23652274	  176.41753975	  26865.492
  97102	   15.97961114	  -61.70306284	    376.974	   17.39924667	   60.58015855	 -16560.760
  97103	   16.26230535	  -61.52753646	    -25.554	   17.63483575	   60.50877112	  -6286.282
  97105	   16.29686548	  -61.08645782	    -40.285	   17.67061554	   60.09501112	 -11349.021
  97106	   15.87532583	  -61.58196527	     80.919	   17.26200127	   60.47624894	 -30985.300
  97107	   16.04498137	  -61.66271885	   1417.620	   17.60039146	   60.67134020	 -13377.908
  97205	   14.59481638	  -60.99617670	    -27.099	   16.00659239	   59.79606959	 -21811.869
  97206	   14.81295913	  -61.16310776	   1209.122	   16.24041302	   60.07647940	  -8762.591
  97301	    5.25218184	  -52.80595996	    -25.785	    6.42922854	   53.26760009	  -8486.009
  97302	    4.94877227	  -52.30997473	     45.956	    6.13983718	   52.71567308	  13576.604
  97401	  -21.20822518	   55.57172094	   1558.372	  -20.13154353	   57.32485605	  -9713.095
  97403	  -21.19596142	   55.28802408	     27.637	  -20.11298137	   56.86700128	  -3720.051
